100 1000
3
0 192 1 13
2 43
26 39
5 32
17 35
17 24
9 8
10 32
4 12
7 85
2 65
5 68
9 66
25 45
4 68
10 27
9 72
21 45
21 49
0 74
3 73
3 38
6 15
25 60
27 42
18 40
1 61
17 29
14 19
18 58
13 39
6 53
1 62
30 47
30 38
8 11
5 3
5 37
5 0
30 39
24 54
3 16
7 23
7 49
8 14
13 22
3 19
2 57
4 62
14 74
7 15
2 70
22 55
20 41
1 7
13 24
9 78
9 23
8 20
28 52
9 83
16 73
9 80
10 15
6 62
6 52
13 49
12 35
9 15
21 41
17 72
9 5
15 70
11 35
7 25
4 85
24 37
4 67
1 7
2 43
17 41
2 13
5 48
28 42
4 53
26 45
6 2
15 54
21 34
0 14
7 6
16 31
11 64
33 47
8 18
13 28
11 57
2 33
5 18
5 2
33 43
32 51
13 44
13 39
7 49
16 19
6 51
9 16
12 51
4 40
0 57
0 55
18 61
23 32
11 11
2 54
5 77
20 37
5 52
18 61
17 33
20 38
9 61
12 50
3 73
18 66
12 37
10 60
0 89
0 5
8 69
8 40
7 64
20 24
13 41
33 44
9 24
2 47
28 55
3 1
14 28
20 32
5 80
7 77
6 2
1 33
4 8
10 26
0 73
5 30
19 48
13 32
20 48
16 62
12 76
1 39
13 31
19 33
25 31
10 30
20 40
27 49
12 50
9 26
4 5
24 37
0 23
2 88
11 67
23 42
24 41
3 1
6 53
16 59
10 50
7 66
15 64
9 73
2 37
14 55
4 36
9 72
4 44
5 62
21 66
9 66
4 69
15 35
20 40
4 3
9 49
19 38
20 60
1 174 20 1
23 21
16 10
31 2
48 19
39 20
60 0
66 14
60 6
60 15
63 7
64 7
41 39
70 9
63 3
62 5
35 14
37 20
8 1
21 14
24 25
24 12
50 24
44 20
30 8
67 8
23 8
61 9
37 37
31 33
60 9
47 21
52 8
66 5
60 17
40 25
48 21
37 40
73 7
52 0
39 16
35 45
57 23
54 19
42 37
45 33
51 14
49 11
51 27
28 28
24 17
51 18
9 2
40 19
39 33
70 14
61 10
12 8
37 5
11 7
46 21
30 6
45 37
10 2
17 11
22 17
33 6
57 2
42 11
68 13
80 0
34 26
82 2
44 37
85 0
39 19
70 3
64 18
29 21
59 3
30 13
74 2
42 23
50 20
33 38
25 7
69 3
20 13
61 10
45 29
35 45
66 2
32 8
73 4
46 5
29 36
72 12
34 42
53 21
43 8
62 1
62 5
21 19
70 10
38 38
56 14
23 6
57 5
24 1
50 6
60 9
17 13
56 25
21 12
41 4
48 33
23 3
34 35
34 3
51 0
83 1
25 16
55 1
37 21
34 15
66 14
43 4
48 1
71 13
71 12
35 35
34 16
23 0
73 1
58 4
18 14
48 20
45 13
14 9
32 19
36 7
29 7
79 1
25 11
48 30
31 20
70 11
42 30
19 7
42 6
32 30
68 1
53 29
27 13
48 33
53 23
50 3
42 18
70 5
56 17
37 4
14 12
52 22
59 11
27 19
27 3
24 15
37 41
13 8
57 23
50 11
41 8
48 32
34 4
26 28
2 634 79 65
88 15
47 48
62 69
58 95
46 53
94 40
99 65
99 95
33 59
43 97
95 71
77 92
64 57
78 25
87 93
46 98
88 92
51 82
84 5
25 84
71 25
31 56
36 75
98 83
76 14
93 40
23 71
95 95
77 95
72 91
92 16
97 68
83 43
66 92
42 49
25 81
34 79
77 43
39 95
57 84
52 47
83 72
47 60
32 72
70 39
86 80
93 50
87 98
97 41
96 46
90 52
66 89
12 98
89 24
33 59
63 55
64 49
67 79
52 77
74 99
72 16
73 78
44 58
38 59
65 59
10 95
40 50
66 80
47 39
99 96
49 44
68 28
86 30
45 99
85 85
97 68
41 99
92 89
91 89
29 92
88 36
32 57
65 71
88 41
92 16
70 94
77 67
70 77
75 95
42 60
31 92
77 45
91 7
78 37
64 38
46 63
56 98
79 84
93 21
96 98
81 79
90 34
93 20
80 23
19 71
29 61
75 45
99 21
90 1
37 99
99 16
35 93
89 31
43 71
10 85
78 25
61 60
63 42
21 90
87 21
63 47
32 54
93 27
23 88
50 85
88 79
97 18
56 58
78 71
61 39
73 24
38 57
79 35
75 84
95 98
72 97
93 80
64 72
24 64
55 97
89 45
84 85
54 34
85 31
99 20
77 56
96 53
10 89
86 74
61 89
54 49
34 95
94 41
66 79
26 73
54 32
82 93
89 9
76 51
77 12
68 36
29 71
93 8
96 0
40 56
86 48
76 14
92 31
99 94
41 67
82 45
82 64
68 27
27 64
73 93
91 75
57 50
90 43
98 37
83 90
20 82
36 61
59 84
34 79
63 58
96 43
75 70
88 66
45 45
68 87
57 49
86 5
97 7
56 79
77 90
59 41
36 76
77 24
94 74
34 71
26 98
57 52
46 65
64 61
77 83
32 99
97 93
91 43
72 56
19 81
93 47
67 21
99 56
79 76
91 11
75 88
56 37
72 73
68 34
72 87
68 33
67 79
40 65
52 70
71 46
17 90
67 17
46 98
61 73
78 18
43 72
59 89
98 27
83 11
97 76
71 43
75 69
33 88
76 82
72 62
62 46
80 21
32 94
48 70
66 44
41 99
33 83
62 91
87 27
93 63
99 33
86 41
87 88
59 81
77 48
76 62
83 38
54 70
65 99
60 24
50 92
33 91
59 72
80 71
59 91
16 81
67 44
96 3
73 99
77 57
82 95
81 58
84 66
38 82
14 98
25 70
52 36
72 47
60 69
37 94
85 7
91 75
41 58
73 66
59 32
31 96
32 70
15 86
35 85
89 60
84 2
96 93
92 53
93 77
60 36
94 30
71 75
72 30
78 44
82 72
73 67
88 22
47 80
76 40
9 88
77 14
96 65
96 62
76 26
72 88
60 41
43 62
9 91
42 85
83 4
73 12
70 67
36 66
38 81
47 84
86 7
94 20
88 47
59 90
86 46
51 86
42 92
51 90
48 74
73 88
73 93
83 87
80 43
89 56
46 97
88 97
40 76
43 51
77 58
51 86
36 86
73 16
29 78
87 70
86 44
54 53
41 94
97 14
80 27
78 75
50 66
61 23
65 38
43 63
44 43
37 93
58 69
20 82
33 50
58 83
62 59
72 27
98 38
65 94
53 60
54 61
99 70
52 54
82 44
89 96
19 87
84 18
89 62
46 91
67 69
31 95
70 50
83 6
20 92
63 61
54 74
73 79
76 75
37 74
66 40
80 24
69 40
33 87
90 39
59 48
75 71
61 93
63 41
72 39
55 80
65 97
94 79
75 42
97 72
98 31
59 25
66 88
91 23
40 98
56 57
96 76
95 57
89 41
89 16
66 81
41 67
86 76
29 91
65 69
89 21
78 37
97 25
95 38
66 84
38 99
52 31
42 43
94 71
34 59
92 76
80 22
65 29
47 60
67 65
96 74
67 86
53 38
69 19
75 65
89 95
80 33
56 88
41 55
49 61
21 97
87 40
41 88
73 94
45 43
65 68
62 23
11 94
56 34
81 9
88 74
97 62
20 95
57 37
63 65
30 97
72 97
38 81
31 97
45 54
98 17
30 63
64 91
65 53
67 38
28 73
41 58
22 74
71 92
90 25
61 40
43 92
25 63
79 92
53 89
16 81
91 36
35 93
83 59
38 63
89 27
71 23
85 19
43 82
84 20
45 64
12 99
89 24
69 91
87 95
83 17
72 78
99 9
99 97
92 80
51 98
33 58
80 85
31 63
54 55
94 53
64 93
50 89
4 98
34 87
81 96
95 47
42 95
77 52
85 60
68 39
44 80
55 95
45 41
14 98
64 47
94 29
79 89
76 74
37 48
74 14
53 59
75 21
50 91
83 94
23 90
41 45
39 65
67 53
63 83
52 58
99 41
57 88
90 31
3 95
16 92
73 51
87 96
41 80
94 94
12 87
38 75
70 90
85 83
73 37
25 67
14 80
62 57
49 35
81 88
32 74
69 78
11 84
91 97
85 64
86 10
47 64
29 62
44 43
73 20
70 67
89 50
52 59
51 37
85 98
73 56
57 98
77 99
57 86
78 41
68 34
46 90
40 70
41 92
82 92
82 58
82 82
81 35
85 36
87 52
94 44
90 72
37 58
58 84
49 60
83 65
86 17
58 68
75 92
50 56
75 13
50 51
55 37
33 94
73 70
52 84
44 82
47 79
48 58
32 77
51 92
60 25
61 64
58 45
93 26
45 67
86 4
85 37
97 97
61 75
85 83
33 93
97 54
69 21
98 26
9 95
45 47
99 30
36 48
60 40
30 98
91 76
83 49
73 84
64 43
96 1
19 91
47 66
92 63
77 30
67 86
95 44
73 35
25 93
56 98
0 333 19 39
23 21
47 48
46 53
2 43
33 59
16 10
26 39
31 56
5 32
23 71
31 2
17 35
39 20
17 24
9 8
10 32
42 49
4 12
7 85
2 65
5 68
9 66
25 45
4 68
41 39
10 27
9 72
21 45
33 59
21 49
35 14
0 74
3 73
3 38
6 15
37 20
38 59
8 1
25 60
27 42
21 14
24 25
40 50
24 12
47 39
18 40
30 8
49 44
23 8
1 61
17 29
37 37
32 57
31 33
14 19
18 58
13 39
6 53
1 62
30 47
40 25
19 71
30 38
29 61
8 11
10 85
5 3
5 37
32 54
5 0
37 40
38 57
30 39
39 16
35 45
24 54
3 16
24 64
7 23
7 49
10 89
42 37
26 73
8 14
45 33
13 22
3 19
2 57
4 62
40 56
14 74
7 15
28 28
24 17
27 64
9 2
36 61
2 70
45 45
40 19
22 55
39 33
20 41
1 7
12 8
13 24
9 78
9 23
8 20
28 52
37 5
9 83
16 73
9 80
11 7
30 6
10 15
45 37
10 2
17 11
22 17
6 62
33 6
6 52
13 49
12 35
9 15
21 41
17 72
9 5
15 70
11 35
7 25
34 26
4 85
24 37
4 67
16 81
1 7
44 37
2 43
25 70
17 41
39 19
2 13
5 48
41 58
28 42
29 21
4 53
26 45
30 13
9 88
42 23
6 2
15 54
21 34
33 38
0 14
7 6
16 31
25 7
11 64
20 13
33 47
8 18
45 29
13 28
35 45
11 57
2 33
5 18
5 2
32 8
43 51
33 43
32 51
13 44
29 36
34 42
13 39
7 49
44 43
33 50
16 19
6 51
9 16
12 51
21 19
38 38
23 6
4 40
0 57
0 55
18 61
23 32
11 11
24 1
2 54
5 77
17 13
20 37
5 52
21 12
18 61
23 3
34 35
17 33
34 3
20 38
9 61
12 50
3 73
18 66
25 16
12 37
10 60
0 89
37 21
34 15
42 43
34 59
0 5
8 69
41 55
35 35
45 43
8 40
34 16
7 64
23 0
20 24
13 41
33 44
45 54
30 63
18 14
9 24
41 58
22 74
2 47
28 55
3 1
25 63
16 81
14 9
14 28
20 32
5 80
32 19
7 77
36 7
6 2
29 7
25 11
1 33
4 8
10 26
33 58
0 73
5 30
31 63
19 48
31 20
13 32
20 48
16 62
45 41
12 76
37 48
41 45
1 39
13 31
3 95
42 30
19 33
12 87
25 31
25 67
14 80
10 30
20 40
11 84
27 49
12 50
29 62
44 43
19 7
9 26
32 30
4 5
24 37
0 23
2 88
11 67
23 42
37 58
24 41
27 13
3 1
6 53
16 59
42 18
10 50
7 66
15 64
9 73
37 4
2 37
14 55
4 36
14 12
9 72
27 19
45 47
36 48
27 3
24 15
37 41
4 44
5 62
21 66
9 66
13 8
4 69
15 35
20 40
4 3
9 49
34 4
19 38
26 28
20 60
1 306 73 25
88 15
94 40
78 25
84 5
71 25
76 14
93 40
48 19
60 0
66 14
92 16
83 43
60 6
60 15
63 7
77 43
64 7
52 47
70 39
70 9
93 50
97 41
63 3
96 46
90 52
62 5
89 24
64 49
72 16
50 24
44 20
67 8
68 28
86 30
61 9
88 36
88 41
92 16
60 9
47 21
52 8
77 45
91 7
66 5
78 37
64 38
60 17
93 21
90 34
93 20
80 23
75 45
99 21
90 1
99 16
89 31
78 25
63 42
87 21
63 47
48 21
93 27
73 7
97 18
52 0
61 39
73 24
79 35
57 23
89 45
54 19
54 34
85 31
99 20
96 53
54 49
94 41
54 32
89 9
76 51
51 14
77 12
68 36
93 8
96 0
49 11
86 48
76 14
51 27
92 31
82 45
68 27
57 50
90 43
51 18
98 37
96 43
57 49
86 5
97 7
59 41
77 24
70 14
61 10
91 43
46 21
93 47
67 21
99 56
91 11
56 37
68 34
68 33
71 46
67 17
78 18
98 27
83 11
57 2
71 43
42 11
62 46
80 21
66 44
87 27
99 33
68 13
80 0
86 41
77 48
83 38
60 24
67 44
96 3
82 2
52 36
85 0
70 3
72 47
64 18
85 7
59 32
84 2
92 53
60 36
94 30
72 30
59 3
78 44
74 2
88 22
76 40
77 14
50 20
76 26
60 41
83 4
73 12
86 7
94 20
69 3
88 47
86 46
61 10
80 43
89 56
66 2
73 16
86 44
73 4
46 5
97 14
80 27
72 12
61 23
53 21
65 38
43 8
62 1
72 27
98 38
62 5
70 10
82 44
56 14
84 18
57 5
50 6
60 9
70 50
83 6
66 40
80 24
69 40
56 25
90 39
41 4
48 33
59 48
63 41
72 39
75 42
98 31
59 25
51 0
91 23
95 57
89 41
89 16
83 1
89 21
78 37
97 25
95 38
55 1
52 31
66 14
43 4
80 22
65 29
48 1
53 38
69 19
71 13
80 33
71 12
87 40
62 23
56 34
73 1
81 9
57 37
98 17
58 4
67 38
90 25
61 40
48 20
45 13
91 36
89 27
71 23
85 19
84 20
89 24
79 1
83 17
99 9
48 30
94 53
95 47
77 52
68 39
70 11
64 47
94 29
74 14
75 21
99 41
90 31
73 51
73 37
49 35
86 10
73 20
42 6
89 50
68 1
51 37
53 29
78 41
68 34
81 35
85 36
87 52
94 44
86 17
75 13
55 37
48 33
53 23
50 3
60 25
70 5
56 17
58 45
93 26
86 4
85 37
52 22
97 54
59 11
69 21
98 26
99 30
60 40
83 49
64 43
96 1
57 23
50 11
41 8
77 30
48 32
95 44
73 35
2 361 60 80
62 69
58 95
99 65
99 95
43 97
95 71
77 92
64 57
87 93
46 98
88 92
51 82
25 84
36 75
98 83
95 95
77 95
72 91
97 68
66 92
25 81
34 79
39 95
57 84
83 72
47 60
32 72
86 80
87 98
66 89
12 98
63 55
67 79
52 77
74 99
73 78
44 58
65 59
10 95
66 80
99 96
45 99
85 85
97 68
41 99
92 89
91 89
29 92
65 71
70 94
77 67
70 77
75 95
42 60
31 92
46 63
56 98
79 84
96 98
81 79
37 99
35 93
43 71
61 60
21 90
23 88
50 85
88 79
56 58
78 71
75 84
95 98
72 97
93 80
64 72
55 97
84 85
77 56
86 74
61 89
34 95
66 79
82 93
29 71
99 94
41 67
82 64
73 93
91 75
83 90
20 82
59 84
34 79
63 58
75 70
88 66
68 87
56 79
77 90
36 76
94 74
34 71
26 98
57 52
46 65
64 61
77 83
32 99
97 93
72 56
19 81
79 76
75 88
72 73
72 87
67 79
40 65
52 70
17 90
46 98
61 73
43 72
59 89
97 76
75 69
33 88
76 82
72 62
32 94
48 70
41 99
33 83
62 91
93 63
87 88
59 81
76 62
54 70
65 99
50 92
33 91
59 72
80 71
59 91
73 99
77 57
82 95
81 58
84 66
38 82
14 98
60 69
37 94
91 75
73 66
31 96
32 70
15 86
35 85
89 60
96 93
93 77
71 75
82 72
73 67
47 80
96 65
96 62
72 88
43 62
9 91
42 85
70 67
36 66
38 81
47 84
59 90
51 86
42 92
51 90
48 74
73 88
73 93
83 87
46 97
88 97
40 76
77 58
51 86
36 86
29 78
87 70
54 53
41 94
78 75
50 66
43 63
37 93
58 69
20 82
58 83
62 59
65 94
53 60
54 61
99 70
52 54
89 96
19 87
89 62
46 91
67 69
31 95
20 92
63 61
54 74
73 79
76 75
37 74
33 87
75 71
61 93
55 80
65 97
94 79
97 72
66 88
40 98
56 57
96 76
66 81
41 67
86 76
29 91
65 69
66 84
38 99
94 71
92 76
47 60
67 65
96 74
67 86
75 65
89 95
56 88
49 61
21 97
41 88
73 94
65 68
11 94
88 74
97 62
20 95
63 65
30 97
72 97
38 81
31 97
64 91
65 53
28 73
71 92
43 92
79 92
53 89
35 93
83 59
38 63
43 82
45 64
12 99
69 91
87 95
72 78
99 97
92 80
51 98
80 85
54 55
64 93
50 89
4 98
34 87
81 96
42 95
85 60
44 80
55 95
14 98
79 89
76 74
53 59
50 91
83 94
23 90
39 65
67 53
63 83
52 58
57 88
16 92
87 96
41 80
94 94
38 75
70 90
85 83
62 57
81 88
32 74
69 78
91 97
85 64
47 64
70 67
52 59
85 98
73 56
57 98
77 99
57 86
46 90
40 70
41 92
82 92
82 58
82 82
90 72
58 84
49 60
83 65
58 68
75 92
50 56
50 51
33 94
73 70
52 84
44 82
47 79
48 58
32 77
51 92
61 64
45 67
97 97
61 75
85 83
33 93
9 95
30 98
91 76
73 84
19 91
47 66
92 63
67 86
25 93
56 98
