100 250
3
0 60 133 136
224 249
150 154
197 45
248 225
202 158
180 106
248 220
116 156
234 67
142 213
152 247
143 93
138 232
97 149
105 186
172 176
107 82
150 185
178 99
138 170
218 44
186 202
172 214
168 47
205 1
204 64
196 185
197 177
167 40
178 138
226 97
142 130
191 217
179 228
181 109
194 81
169 5
207 219
161 107
126 60
91 159
163 127
147 127
155 180
137 26
156 129
120 242
96 136
216 184
160 159
241 214
96 158
206 241
118 77
236 44
184 206
162 45
225 123
149 170
196 224
1 18 27 165
34 138
11 196
77 215
40 157
63 199
50 162
32 170
59 187
92 196
31 140
39 148
57 226
36 132
9 198
69 169
16 208
83 214
49 128
2 22 43 85
23 113
105 40
113 31
33 61
7 85
50 124
82 83
35 106
64 105
89 3
7 82
68 22
75 48
62 107
77 16
76 126
16 71
74 119
80 33
11 63
61 85
90 23
0 33 179 189
224 249
150 154
248 225
202 158
248 220
142 213
152 247
138 232
172 176
150 185
138 170
186 202
172 214
196 185
197 177
178 138
142 130
191 217
179 228
207 219
163 127
147 127
155 180
156 129
120 242
216 184
160 159
241 214
206 241
184 206
225 123
149 170
196 224
1 38 53 143
23 113
34 138
11 196
77 215
116 156
40 157
97 149
105 186
63 199
50 162
32 170
59 187
33 61
7 85
50 124
82 83
92 196
35 106
64 105
31 140
7 82
39 148
57 226
36 132
91 159
62 107
76 126
16 71
9 198
74 119
96 136
11 63
69 169
16 208
96 158
61 85
83 214
49 128
2 29 152 53
197 45
105 40
180 106
234 67
143 93
113 31
107 82
178 99
218 44
168 47
205 1
204 64
167 40
226 97
89 3
181 109
68 22
194 81
169 5
161 107
126 60
75 48
77 16
137 26
80 33
118 77
236 44
162 45
90 23
